0 5 15 35 75 155 315 475 635 
3.66 3.78 3.87 3.90 3.81 3.92 3.92 3.87 3.94 3.97 3.88 
103 106 107 104 107 107 106 108 109 106 
2 3 1 3 4 2 4 5 3 
0 5 15 35 75 155 315 475 635 
3.24 3.25 3.25 3.21 3.17 3.28 3.28 3.21 3.25 3.21 3.20 
100 100 99 98 101 101 99 101 99 99 
0 -1 -2 1 1 -1 0 -1 -1 
0 5 15 35 75 155 315 475 635 
3.56 3.20 3.14 2.99 3.02 3.13 3.15 3.04 3.04 2.97 3.11 
90 88 84 85 88 88 85 85 83 87 
-2 -7 -6 -2 -2 -5 -5 -7 -3 
0 5 15 35 75 155 315 475 635 
6.55 7.19 7.04 6.96 6.78 6.87 6.93 6.68 6.61 6.49 6.47 
110 107 106 104 105 106 102 101 99 99 
-2 -3 -6 -4 -4 -7 -8 -10 -10 
