0 5 15 35 75 155 315 475 635 
2.71 2.34 2.30 2.33 2.10 2.26 2.23 2.24 2.17 2.20 2.03 
86 85 86 77 83 82 83 80 81 75 
-2 -0 -10 -3 -4 -4 -7 -6 -13 
0 5 15 35 75 155 315 475 635 
1.79 1.31 1.36 1.32 1.33 1.37 1.30 1.30 1.23 1.33 1.30 
73 76 74 75 76 73 73 69 74 73 
4 1 2 5 -0 -1 -6 2 -0 
0 5 15 35 75 155 315 475 635 
1.71 0.48 0.60 0.57 0.69 0.64 0.54 0.52 0.45 0.62 0.71 
28 35 33 41 37 32 31 27 36 41 
24 18 45 33 13 9 -5 29 47 
0 5 15 35 75 155 315 475 635 
4.83 3.51 3.82 3.47 3.95 3.80 3.91 3.52 3.73 3.67 3.85 
73 79 72 82 79 81 73 77 76 80 
9 -1 12 8 11 0 6 4 10 
