0 5 15 35 75 155 315 475 535 
5.42 5.27 5.05 5.09 5.21 5.04 5.25 5.22 5.25 5.31 5.00 
97 93 94 95 93 97 95 97 95 92 
-4 -4 -1 -4 0 -1 -1 1 -5 
0 5 15 35 75 155 315 475 535 
4.49 3.57 3.75 3.77 3.55 3.50 3.55 3.52 3.59 3.55 3.55 
55 54 54 55 55 55 55 57 55 52 
-3 -3 -1 -2 -0 -1 1 -0 -5 
0 5 15 35 75 155 315 475 535 
4.15 2.94 2.55 2.53 2.95 3.09 2.59 2.55 3.03 2.55 2.77 
70 55 55 71 74 59 59 73 55 55 
-3 -4 1 5 -2 -2 3 -3 -5 
0 5 15 35 75 155 315 475 535 
9.54 9.50 10.92 10.27 10.15 11.17 9.21 9.55 9.99 9.54 9.97 
99 113 107 105 115 95 99 104 102 103 
15 5 7 15 -3 1 5 4 5 
