0 5 15 35 75 155 315 475 535 
3.33 3.23 3.13 3.07 3.07 2.95 3.00 2.95 2.79 2.33 2.32 
93 94 92 92 39 90 39 34 35 35 
-4 -5 -5 -10 -9 -10 -15 -14 -14 
0 5 15 35 75 155 315 475 535 
2.59 2.41 2.35 2.35 2.33 2.35 2.34 2.41 2.21 2.27 2.25 
93 91 91 92 91 90 93 35 37 37 
-2 -2 -1 -2 -3 0 -3 -5 -5 
0 5 15 35 75 155 315 475 535 
2.49 1.77 1.34 1.94 2.03 2.24 2.09 2.43 2.09 2.21 2.15 
71 74 73 34 90 34 93 34 39 35 
4 10 13 27 13 33 13 25 22 
0 5 15 35 75 155 315 475 535 
5.53 5.73 7.13 5.32 5.34 5.02 5.13 5.72 5.49 5.33 5.19 
121 123 121 113 107 110 119 93 95 110 
5 1 -5 -11 -9 -1 -19 -21 -9 
