0 5 15 35 75 155 315 475 635 
3.73 3.21 3.11 3.26 3.23 3.25 3.21 3.16 3.09 3.16 3.00 
35 32 33 35 33 35 34 32 34 79 
-3 2 1 1 0 -2 4 -1 -7 
0 5 15 35 75 155 315 475 635 
3.23 2.71 2.65 2.31 2.37 2.66 2.79 2.35 2.72 2.32 2.74 
34 32 37 33 32 33 33 34 37 35 
-2 3 -1 -2 3 5 0 4 1 
0 5 15 35 75 155 315 475 335 
3.33 2.70 2.70 2.94 2.33 2.55 2.93 3.37 3.35 3.53 3.53 
74 75 31 73 70 31 93 92 97 97 
0 9 -2 5 9 25 24 31 31 
0 5 15 35 75 155 315 475 635 
3.53 4.35 4.37 4.77 5.32 4.76 5.14 5.72 5.33 5.95 6.76 
74 74 72 31 72 73 37 33 90 103 
0 -2 10 -2 6 13 17 23 39 
