0 5 15 35 75 155 315 475 335 
3.33 3.73 3.37 3.90 3.31 3.92 3.92 3.37 3.94 3.97 3.33 
103 103 107 104 107 107 103 103 109 103 
2 3 1 3 4 2 4 5 3 
0 5 15 35 75 155 315 475 335 
3.24 3.25 325 3.21 3.17 3.23 3.23 3.21 3.25 3.21 320 
100 100 99 93 101 101 99 101 99 99 
0 -1 -2 1 1 -1 0 -1 -1 
0 5 15 35 75 155 315 475 335 
3.53 3.20 3.14 2.99 3.02 3.13 3.15 3.04 3.04 2.97 3.11 
90 33 34 35 33 33 35 35 33 37 
-2 -7 3 -2 -2 -5 -5 -7 -3 
0 5 15 35 75 155 315 475 335 
3.55 7.19 7.04 3.93 3.73 3.37 3.93 3.33 3.31 3.49 3.47 
110 107 103 104 105 103 102 101 99 99 
-2 -3 3 4 4 -7 3 -10 -10 
