4.17 3.83 92 3.99 96 4 
1.66 1.73 103 1.69 101 3 
2.76 2.44 88 2.40 87 -1 
69 64 60 
97 92 89 
2.14 1.46 69 1.37 64 -6 
0.29 0.62 213 0.49 168 -21 
4.03 3.68 -10 
3.06 1.56 51 1.62 53 4 
0.92 0.73 79 0.64 70 -12 
5.55 4.30 77 4.20 76 -2 
6.99 6.73 96 6.35 91 -6 
3.56 3.28 92 3.60 101 9 
000000 001000 
6.27 5.70 91 
3.56 3.83 108 
2.46 2.57 105 
3.52 3.13 89 
1.23 1.18 96 
2.65 1.87 71 
44 33 
3.73 
0.41 
18.7 11.3 60 
18.7 11.3 60 
3.49 2.50 72 
3.49 2.50 72 
4.51 
3.08 
2.67 
2.73 
1.80 
1.35 2.46 181 
0.806 0.407 50 
4.56 9.16 201 
0.219 0.109 50 
3.73 
106 
