2 75 2 69 98 2 65 95 -1 
1.67 1 74 104 1 76 106 1 
2 04 2 10 103 2 10 1 03 0 
75 76 79 
97 91 91 
2.00 1 95 97 217 105 11 
030 035 115 030 100 212 
5 69 5.22 -8 
2.55 317 124 353 139 12 
0.64 0 51 95 0 63 95 3 
3.63 4 39 135 5 22 144 7 
4.98 5 59 114 6 20 125 9 
2.37 2 40 102 2 37 100 92 
000000 000000 
4 38 3 33 87 
2 37 2 31 119 
1.58 1 59 101 
2 53 2.23 88 
0.79 1 22 154 
1 96 1 02 52 
43 27 
2 99 
1 07 
15 5 10 7 69 
15.5 1 1 5 74 
3.99 2 33 71 
3.99 3 03 76 
3 79 
2 31 
2 40 
2 23 
1 80 
1 48 1 62 109 
0.622 0 518 99 
3.85 4 33 126 
0 260 0 207 80 
2 99 
1 32 
