4.44 3.41 77 3.54 80 4 
1.77 2.00 114 2.29 130 14 
2.93 2.42 83 2.72 93 12 
69 71 77 
97 86 88 
2.26 1.42 63 2.28 101 60 
0.35 0.23 66 0.30 87 33 
9.39 10.91 16 
3.27 2.37 72 3.42 105 45 
1.03 0.37 36 0.64 62 72 
5.73 8.33 145 11.63 203 40 
7.26 9.87 136 11.10 153 12 
3.73 3.23 87 2.99 80 -7 
000000 100000 
6.43 4.99 78 
3.73 3.50 94 
2.56 2.20 86 
3.55 2.80 79 
1.28 0.71 55 
2.63 1.50 57 
43 30 
2.79 
0.93 
19.9 23.1 116 
19.9 23.1 116 
3.50 4.82 137 
3.50 4.82 137 
4.79 
2.86 
8.19 
8.31 
13.61 
1.41 2.87 204 
0.784 0.349 44 
4.60 8.00 174 
0.218 0.125 57 
2.79 
57 
